start=1399.856000
volume=120.000000
fullscreen=yes
gamma=-1
brightness=10
contrast=-1
saturation=-1
aid=2
vid=1
sid=3
sub-delay=-0.000000
